```
+----------------------------------------------------------------------------------------------------------------------------------------------------------+
|state|arithmetic_1|logical|boolean|arithmetic_2|equality|other|digit|assignment|double_quote|exponent|character|dot|space|relational|keyword|separator|eof|
+-----+------------+-------+-------+------------+--------+-----+-----+----------+------------+--------+---------+---+-----+----------+-------+---------+---+
|  0  |      1     |   2   |   3   |      1     |    4   |     |  5  |     6    |      7     |    8   |    8    | 9 |  10 |    11    |   12  |    13   | 14|
+-----+------------+-------+-------+------------+--------+-----+-----+----------+------------+--------+---------+---+-----+----------+-------+---------+---+
|  5  |            |       |       |            |        |     |  5  |          |            |   32   |         | 33|     |          |       |         |   |
+-----+------------+-------+-------+------------+--------+-----+-----+----------+------------+--------+---------+---+-----+----------+-------+---------+---+
|  7  |      7     |   19  |       |     20     |   21   |  22 |  23 |    24    |     25     |   26   |    27   | 28|  29 |    30    |       |    31   |   |
+-----+------------+-------+-------+------------+--------+-----+-----+----------+------------+--------+---------+---+-----+----------+-------+---------+---+
|  8  |            |       |       |            |        |     |  8  |          |            |    8   |    8    |   |     |          |       |         |   |
+-----+------------+-------+-------+------------+--------+-----+-----+----------+------------+--------+---------+---+-----+----------+-------+---------+---+
|  9  |            |       |       |            |        |     |  15 |          |            |        |         |   |     |          |       |         |   |
+-----+------------+-------+-------+------------+--------+-----+-----+----------+------------+--------+---------+---+-----+----------+-------+---------+---+
|  10 |            |       |       |            |        |     |     |          |            |        |         |   |  10 |          |       |         |   |
+-----+------------+-------+-------+------------+--------+-----+-----+----------+------------+--------+---------+---+-----+----------+-------+---------+---+
|  15 |            |       |       |            |        |     |  15 |          |            |   16   |         |   |     |          |       |         |   |
+-----+------------+-------+-------+------------+--------+-----+-----+----------+------------+--------+---------+---+-----+----------+-------+---------+---+
|  16 |     17     |       |       |            |        |     |  18 |          |            |        |         |   |     |          |       |         |   |
+-----+------------+-------+-------+------------+--------+-----+-----+----------+------------+--------+---------+---+-----+----------+-------+---------+---+
|  17 |            |       |       |            |        |     |  18 |          |            |        |         |   |     |          |       |         |   |
+-----+------------+-------+-------+------------+--------+-----+-----+----------+------------+--------+---------+---+-----+----------+-------+---------+---+
|  18 |            |       |       |            |        |     |  18 |          |            |        |         |   |     |          |       |         |   |
+-----+------------+-------+-------+------------+--------+-----+-----+----------+------------+--------+---------+---+-----+----------+-------+---------+---+
|  19 |      7     |   19  |       |     20     |   21   |  22 |  23 |    24    |     25     |   26   |    27   | 28|  29 |    30    |       |    31   |   |
+-----+------------+-------+-------+------------+--------+-----+-----+----------+------------+--------+---------+---+-----+----------+-------+---------+---+
|  20 |      7     |   19  |       |     20     |   21   |  22 |  23 |    24    |     25     |   26   |    27   | 28|  29 |    30    |       |    31   |   |
+-----+------------+-------+-------+------------+--------+-----+-----+----------+------------+--------+---------+---+-----+----------+-------+---------+---+
|  21 |      7     |   19  |       |     20     |   21   |  22 |  23 |    24    |     25     |   26   |    27   | 28|  29 |    30    |       |    31   |   |
+-----+------------+-------+-------+------------+--------+-----+-----+----------+------------+--------+---------+---+-----+----------+-------+---------+---+
|  22 |      7     |   19  |       |     20     |   21   |  22 |  23 |    24    |     25     |   26   |    27   | 28|  29 |    30    |       |    31   |   |
+-----+------------+-------+-------+------------+--------+-----+-----+----------+------------+--------+---------+---+-----+----------+-------+---------+---+
|  23 |      7     |   19  |       |     20     |   21   |  22 |  23 |    24    |     25     |   26   |    27   | 28|  29 |    30    |       |    31   |   |
+-----+------------+-------+-------+------------+--------+-----+-----+----------+------------+--------+---------+---+-----+----------+-------+---------+---+
|  24 |      7     |   19  |       |     20     |   21   |  22 |  23 |    24    |     25     |   26   |    27   | 28|  29 |    30    |       |    31   |   |
+-----+------------+-------+-------+------------+--------+-----+-----+----------+------------+--------+---------+---+-----+----------+-------+---------+---+
|  26 |      7     |   19  |       |     20     |   21   |  22 |  23 |    24    |     25     |   26   |    27   | 28|  29 |    30    |       |    31   |   |
+-----+------------+-------+-------+------------+--------+-----+-----+----------+------------+--------+---------+---+-----+----------+-------+---------+---+
|  27 |      7     |   19  |       |     20     |   21   |  22 |  23 |    24    |     25     |   26   |    27   | 28|  29 |    30    |       |    31   |   |
+-----+------------+-------+-------+------------+--------+-----+-----+----------+------------+--------+---------+---+-----+----------+-------+---------+---+
|  28 |      7     |   19  |       |     20     |   21   |  22 |  23 |    24    |     25     |   26   |    27   | 28|  29 |    30    |       |    31   |   |
+-----+------------+-------+-------+------------+--------+-----+-----+----------+------------+--------+---------+---+-----+----------+-------+---------+---+
|  29 |      7     |   19  |       |     20     |   21   |  22 |  23 |    24    |     25     |   26   |    27   | 28|  29 |    30    |       |    31   |   |
+-----+------------+-------+-------+------------+--------+-----+-----+----------+------------+--------+---------+---+-----+----------+-------+---------+---+
|  30 |      7     |   19  |       |     20     |   21   |  22 |  23 |    24    |     25     |   26   |    27   | 28|  29 |    30    |       |    31   |   |
+-----+------------+-------+-------+------------+--------+-----+-----+----------+------------+--------+---------+---+-----+----------+-------+---------+---+
|  31 |      7     |   19  |       |     20     |   21   |  22 |  23 |    24    |     25     |   26   |    27   | 28|  29 |    30    |       |    31   |   |
+-----+------------+-------+-------+------------+--------+-----+-----+----------+------------+--------+---------+---+-----+----------+-------+---------+---+
|  32 |     34     |       |       |            |        |     |  35 |          |            |        |         |   |     |          |       |         |   |
+-----+------------+-------+-------+------------+--------+-----+-----+----------+------------+--------+---------+---+-----+----------+-------+---------+---+
|  33 |            |       |       |            |        |     |  15 |          |            |   32   |         |   |     |          |       |         |   |
+-----+------------+-------+-------+------------+--------+-----+-----+----------+------------+--------+---------+---+-----+----------+-------+---------+---+
|  34 |            |       |       |            |        |     |  35 |          |            |        |         |   |     |          |       |         |   |
+-----+------------+-------+-------+------------+--------+-----+-----+----------+------------+--------+---------+---+-----+----------+-------+---------+---+
|  35 |            |       |       |            |        |     |  35 |          |            |        |         |   |     |          |       |         |   |
+----------------------------------------------------------------------------------------------------------------------------------------------------------+```
